448
623
876
544
285
67
833
965
614
969
861
943
127
944
38
788
108
41
148
459
10
294
218
663
661
545
556
266
511
168
719
485
594
79
595
773
770
714
357
121
322
870
51
748
154
297
344
409
222
420
444
63
466
916
988
221
77
591
453
613
654
829
207
316
104
976
621
275
560
291
14
103
157
592
628
242
276
433
538
925
507
600
980
269
416
446
178
668
629
701
634
812
670
220
141
251
265
949
326
147
806
371
996
653
824
197
962
831
431
665
767
947
126
323
871
541
60
213
439
302
688
125
561
429
713
636
476
955
879
924
963
440
425
568
12
271
351
500
346
646
208
960
120
858
369
23
428
183
386
256
128
367
313
900
334
886
74
906
2
950
915
383
513
971
370
160
756
202
856
753
810
480
641
709
332
514
779
657
667
21
601
34
850
278
686
672
880
7
244
774
527
859
380
315
587
13
238
499
136
867
442
140
0
195
627
921
977
235
543
666
847
526
764
932
470
853
504
722
94
887
319
455
250
491
553
539
618
424
680
69
542
905
873
64
490
619
248
840
406
570
749
664
54
306
781
400
995
413
338
435
92
787
477
712
258
303
700
705
318
132
81
8
188
563
652
852
985
554
992
152
724
981
29
107
246
945
580
46
957
763
862
690
464
523
286
172
586
309
683
174
396
262
33
677
699
194
277
458
730
795
552
796
85
521
376
331
240
133
301
118
484
678
540
837
569
737
966
635
49
685
381
524
919
681
462
759
836
959
30
606
928
589
142
130
341
164
461
478
26
201
782
65
116
565
927
839
547
348
884
731
506
493
91
434
66
399
337
655
868
391
71
733
393
198
78
953
649
961
610
938
577
365
930
923
849
579
73
967
778
638
324
659
760
632
412
366
750
510
432
555
398
537
353
236
848
349
422
605
214
502
252
161
144
55
975
903
498
115
3
52
551
815
361
97
883
575
471
307
951
155
892
228
811
964
298
186
576
881
564
917
741
531
245
417
320
769
720
775
184
143
129
273
794
355
497
472
419
937
289
16
888
454
180
736
295
694
571
249
520
546
620
163
703
32
363
784
972
100
732
581
648
257
486
604
483
799
752
402
340
742
790
907
279
522
528
418
990
310
196
473
612
535
36
780
43
352
451
176
644
549
743
846
590
463
968
47
689
509
956
585
920
596
866
798
777
766
31
156
339
479
181
182
735
496
42
986
864
110
75
232
283
771
335
468
734
609
452
292
475
616
647
702
817
633
704
697
206
390
114
942
952
384
802
99
360
467
625
421
169
25
423
676
62
438
828
149
536
270
219
691
557
210
211
751
721
193
312
311
727
525
640
503
902
267
904
582
869
845
739
397
190
175
20
407
936
898
820
254
299
789
754
776
82
505
212
934
199
786
926
229
725
508
946
333
430
989
343
998
827
482
138
984
816
698
342
460
844
958
98
875
53
469
819
807
860
382
151
9
489
823
200
404
890
330
895
717
597
894
387
247
253
325
216
50
872
173
710
293
706
630
261
530
488
305
187
723
578
465
835
76
146
191
687
854
109
532
911
516
617
48
671
650
573
394
45
90
44
27
626
793
288
105
762
372
550
328
296
358
329
660
5
933
821
912
931
389
792
70
696
993
241
72
84
377
281
217
145
437
415
843
139
808
61
167
970
978
708
674
445
327
656
994
447
135
896
284
643
449
803
918
189
841
243
427
59
728
783
411
113
88
558
204
801
408
863
718
838
385
757
624
910
57
224
599
263
729
639
11
1000
487
203
388
914
95
192
758
159
598
495
791
809
877
314
908
642
935
738
68
922
336
179
124
913
588
362
818
225
893
519
865
350
622
813
239
929
726
761
901
272
405
274
768
1
481
4
87
89
268
830
96
637
669
941
745
983
237
747
755
954
17
39
999
317
518
345
37
529
426
106
24
15
973
395
231
651
282
93
822
679
517
602
882
834
170
19
223
494
897
403
35
6
593
101
878
909
122
209
134
308
457
233
171
979
234
534
436
559
119
772
533
631
948
744
304
226
410
205
359
80
86
474
153
603
150
56
456
83
765
826
615
515
112
287
851
321
378
682
450
814
707
974
441
290
855
885
673
658
695
800
300
785
28
608
374
716
548
162
215
137
797
255
443
280
230
117
260
347
40
645
379
368
997
401
574
356
740
572
662
567
166
18
259
939
227
566
584
177
982
373
857
158
414
991
501
562
583
185
111
492
131
889
940
123
842
392
354
693
58
711
22
684
832
715
874
607
987
804
512
675
746
264
165
805
364
825
611
375
692
891
102
899