2019
4498
9599
3871
9484
54
629
1431
2502
8897
8662
1521
1213
9927
3974
145
7931
5098
3668
7698
2186
6962
8763
6129
1988
6656
3828
1647
3911
7422
6430
5268
8878
876
5882
9498
2553
9136
8077
113
3689
9687
3023
4461
3532
1144
1894
1328
8908
2815
3882
928
8337
4855
5230
151
7528
59
235
7132
1533
2404
1435
8240
2050
395
5350
8108
5234
7635
6389
2710
7509
9409
8544
2727
7
8638
7488
791
1686
3976
2001
4705
1625
4252
935
7727
2212
6582
5590
5539
234
2315
1136
4138
5792
7494
2333
8531
9402
2915
809
5481
8038
1008
1700
8324
2690
6617
524
4466
1190
1401
224
8547
4636
3377
4019
9352
5654
8861
6866
3157
7794
4643
9262
8333
7084
1770
9232
7997
2161
4295
9401
6704
3213
4039
3949
3874
7470
4902
7596
4477
3739
7034
7348
9719
9279
7940
9722
192
5020
3555
4336
346
8907
7789
4917
9763
9749
676
3115
5096
8892
4645
1956
7630
9273
4086
8548
9935
8972
4052
7887
8650
1689
9504
7216
5873
3389
5692
8442
8553
3319
3782
2789
4423
5122
4164
9978
317
2949
6390
1074
9907
3986
8123
9714
6988
2583
5236
8599
5067
3194
2257
8565
496
3788
1557
1853
4651
2608
9382
5242
2450
7284
7573
8303
9952
1023
2407
7336
3525
2455
3620
5945
6222
2894
3550
3598
118
6096
6084
4340
6865
7983
5193
9194
7218
1301
727
6404
9806
7660
8290
9534
8269
7700
5040
5039
8938
603
1967
8876
3928
4406
2294
8855
3398
3596
1392
8631
7363
8102
1876
9193
8193
4608
218
9725
5087
1677
1653
2467
4117
7615
9223
3567
7270
2488
4525
7554
5081
2590
6201
3982
4523
188
4337
8769
2089
1077
8302
3100
8582
5277
1332
8555
963
5083
3047
9389
9017
581
4510
8592
9861
5085
6343
6759
1740
790
2962
1308
8504
5685
9538
3055
9708
1938
5576
9949
6834
2939
5437
1966
1884
3499
414
1052
3625
296
278
7526
5943
851
3466
6444
1999
8973
7005
5088
4946
8141
8073
6800
2828
4655
4594
1238
6216
3303
6059
9548
9350
4421
1372
9480
8481
7119
3766
7643
7533
3067
2313
9734
8628
7503
7307
5948
9192
2121
7398
8601
1061
5280
1032
4978
7800
1765
3910
4853
3479
8899
5537
8927
8093
1721
7686
1249
4589
5557
1206
8146
3003
5703
7839
6329
526
1873
2681
9207
3715
1511
967
2773
2352
2831
7585
1537
4882
5465
611
5612
2643
9925
5779
2354
4422
3073
4500
4607
777
7412
5302
3530
8282
1766
7552
1293
9270
4393
6044
9023
4352
9955
4260
1268
10000
4974
4111
6429
4463
2644
2245
6456
7572
877
1161
3492
4890
3679
8755
3725
1903
2843
7631
3147
2942
4232
7973
9159
4316
3217
8716
5765
5032
7903
2767
5868
9126
8218
7479
679
1447
6855
8534
8810
63
6419
631
7306
4122
3045
2576
8031
4489
702
9547
2391
8264
8886
7178
2740
4264
2356
4082
6208
7259
1531
8828
6932
849
5763
7219
1346
3284
4265
950
4102
9746
3507
6757
1808
1665
8648
5737
1000
4647
4002
323
394
205
6854
2834
5202
9968
6423
9901
9853
8156
3318
6245
8467
5933
9800
937
1997
613
1284
8498
4537
125
1934
6502
6874
7408
8787
4649
9119
5161
3385
5296
2045
9736
7293
4302
8229
6885
362
2094
4741
5217
9656
5782
5386
2858
8518
6985
759
3674
7476
3465
3884
1183
6621
802
1373
4358
7930
2580
6107
8514
4255
1812
594
3400
9087
7167
8421
9707
8783
189
4402
4548
3650
5476
6580
1733
2148
8914
6686
7634
4244
8519
7395
3260
7221
6466
9911
7099
5665
7558
8392
5272
8034
3513
2370
5636
7529
3282
6821
9611
9385
5140
1719
2902
7534
540
6142
7092
1408
3356
901
3540
6060
1163
7792
1029
3165
2251
4228
1327
1867
1066
8138
3924
6175
758
4809
5166
2362
4551
1668
8913
4132
6781
4196
404
8213
5460
547
9491
5827
9247
2586
3278
4430
574
1157
6344
4921
8718
3019
5243
2731
8772
9082
7289
2463
7033
3007
1787
7632
9392
9830
8710
3341
276
9407
1831
2601
4174
5795
874
4201
4000
5398
3080
5451
7043
5261
6039
8449
5604
4590
2956
8507
9834
4022
5284
2353
1152
3509
9939
8696
7932
6003
2511
533
5046
3583
2328
7330
8632
7490
1734
3606
7202
175
6903
3322
7758
7228
5969
6133
5208
8265
4832
211
2180
7655
3839
1148
2012
9428
219
249
5677
9964
6888
4672
9743
2671
4843
1809
2846
7885
8616
4292
6998
7959
9779
3254
304
2053
6917
4984
7328
1687
3308
5042
870
6601
7576
2756
4130
2211
8168
1021
4576
6156
6054
6224
8540
1822
530
6852
773
4850
183
1935
9158
8280
1550
3885
2935
7944
1353
443
5981
453
9822
6980
2209
5172
9690
4654
7425
3292
830
8940
8986
7200
3574
8768
4453
9460
6510
3484
4886
9838
8278
4690
5661
4331
1957
8233
2782
6161
3505
2856
6746
5869
8173
9507
3408
4332
5951
2612
5847
7883
6712
2631
4409
8994
9954
7017
5112
498
3181
6347
1480
9305
8393
9671
975
8355
8132
5605
8207
8509
2751
5680
497
4144
1100
340
8045
5169
650
2400
1580
7755
8494
1479
4816
2864
2632
1404
1547
1646
8067
2822
5825
9433
1981
7648
8398
2901
8918
3169
648
8685
2254
7865
7111
5890
8172
6957
1376
4940
4633
6091
9495
6163
6369
2974
9
980
9204
3846
9266
8527
3394
7974
6403
9774
7334
4205
4701
7287
8287
8277
1330
3566
3236
5983
4803
9381
1323
7180
6477
7401
2970
2292
6234
4778
8063
3030
2728
9510
353
5034
180
2221
5058
8942
5387
9213
7069
9833
7718
8197
3066
354
6522
8516
5881
9655
3804
5731
8578
2276
1242
6374
3850
5475
2996
2301
240
7747
5586
1072
3392
5362
3436
8981
4162
3624
1592
7859
6211
6549
8135
456
5790
3168
5160
3709
1559
3035
1738
9731
916
5608
3300
7806
7658
5369
6667
2851
6724
5751
4031
5830
9704
2401
123
7371
4063
6307
1455
2715
5221
7738
1596
5101
9269
2830
4867
5871
8365
1007
5162
5109
7117
7866
4279
6892
2185
9375
8423
6113
728
7406
4407
7843
7357
3096
5212
2088
1739
222
1669
8219
4024
3225
8785
9848
9669
3511
9251
2694
9475
1463
9854
894
6586
9840
9496
2661
2241
6887
6450
7251
4470
7193
938
6983
273
4664
2009
5315
1588
9770
2574
2396
5813
3585
5394
3770
3061
4175
3925
1630
9565
2133
537
5063
600
1088
6120
1329
4695
2188
361
2371
9969
3919
9993
738
5341
7863
8717
6220
6742
6511
4181
9146
5485
6373
5380
3619
2079
7992
7645
4839
5949
3426
6584
5347
2772
3944
3660
6870
5412
3274
3376
6540
6731
4001
8178
7149
1866
1538
1724
4064
6867
2849
634
5698
3075
2403
2119
1201
1946
9111
5991
8085
672
7137
2634
7757
8131
2528
4104
8114
198
5089
4604
5036
8400
1887
9631
9051
4835
936
915
1042
6567
807
47
4325
9647
2621
439
6437
3695
9580
649
2823
6629
1442
5026
2918
1011
8057
2243
4987
6335
3589
7676
1121
431
774
7697
3060
2836
3996
9688
3719
369
1099
5301
8394
5854
5010
9147
764
3862
6323
7013
4991
879
8977
3883
919
7875
4859
1616
2990
1838
753
612
7935
3384
9924
5407
251
718
9165
3074
8770
1566
185
5659
139
5743
8665
2805
9561
3082
7721
7335
6362
3998
2688
4971
2530
6611
95
505
6954
6296
9068
9050
1399
3634
5053
2247
5531
9347
4975
4115
4106
2802
5915
5374
673
9897
7085
931
2347
8122
8348
9240
5516
9027
9720
4145
3183
132
780
6990
6594
7586
2153
9692
7507
5623
506
7255
7956
2587
8692
8666
7146
5754
5489
689
2486
7535
6012
9898
6383
4731
9100
2857
2139
710
6252
7981
5970
8363
2426
9530
7575
4977
2909
4192
3038
3812
7015
8851
4449
286
6862
1705
8976
9831
1176
5961
8094
6297
529
9472
4748
5344
2793
3232
6160
2484
5116
9847
4888
9981
4789
6614
6367
597
6826
4648
4403
2182
7471
8259
7285
9703
6700
7763
3754
4042
6652
8406
1180
552
4980
8923
1496
811
1961
1953
9355
561
4728
8221
3591
2272
3216
1277
9592
1375
4179
5640
8092
9183
9220
2011
9721
3701
9517
1384
3048
392
5246
4556
2812
7960
3694
4305
1960
6320
5033
7802
6571
4004
208
3422
7188
7046
8811
8472
7832
5958
9694
8491
5024
818
2382
8989
5967
8154
5817
6019
405
4016
9519
1172
64
4554
9295
2532
6022
906
9338
2048
9892
6824
8689
1735
279
9107
2965
7890
6558
487
2175
4504
9635
1854
8893
1094
8089
7169
2699
4734
2378
2534
1516
3010
7598
3590
2927
416
5500
6266
1907
9526
1542
3734
7808
4947
455
7731
7943
2173
6953
7765
9654
5602
6087
985
2290
6191
8602
5584
8062
9454
6853
3970
6635
179
5358
5441
8721
5233
9164
1069
1283
625
9135
2226
237
393
2672
2903
4675
7355
9750
4084
7917
410
1428
7734
5566
8961
4926
5215
5224
5615
9351
6966
1220
8852
1098
900
7609
5585
8804
5644
6143
4198
2791
5254
6982
7104
9879
5650
4230
1218
6879
6894
5218
6473
576
5156
1916
7912
8380
7157
5171
6762
6282
6868
1264
3571
5811
7510
7616
8935
4616
7486
5831
7353
2414
5674
4657
4263
68
2381
5963
9900
4472
9151
9229
4826
651
1358
7872
415
7000
5478
946
1034
1714
4354
7724
3859
4275
5384
3686
44
1718
4374
6251
3700
5820
6453
1835
10
1085
4171
3231
6345
1354
7067
4208
5535
2627
1488
6159
1602
7849
7644
6807
9265
5678
5741
2084
1930
4330
2275
2880
9607
9467
6478
965
8917
9682
7950
8776
5229
8187
5554
4365
9376
1539
1595
1628
966
6447
4204
7770
6322
493
2675
9928
7410
7779
5355
8220
7253
4831
5735
3257
1661
3025
2448
8075
6176
2573
5649
9674
2930
7215
1303
5508
1810
7723
5431
4656
9583
2323
9689
7511
6128
2014
8695
9408
1503
5429
4349
5976
2218
1257
8691
9523
2134
1057
5552
2734
6196
502
1536
1273
7683
8153
2470
3457
9365
4625
664
1090
9020
9762
4776
7867
133
5313
5655
4963
9422
5697
884
2451
1014
539
7168
9662
4990
9141
7918
9117
3212
378
6448
7774
350
8037
2774
748
6158
615
5946
2155
4945
7752
2987
7527
2527
1850
9254
9133
1863
8513
1248
9131
2650
3325
1340
1133
6258
6566
1396
3494
5939
6755
941
5117
1824
2390
9600
6215
3079
6381
878
6194
7798
8326
9990
5108
4287
7324
4072
3350
1975
1702
7783
9918
2821
9139
6443
2975
76
287
4745
3244
8751
997
4375
9465
5336
3717
6187
4806
8403
2961
9974
9486
4319
7891
3211
3881
9345
5895
5222
8990
5938
5115
661
5828
3195
9823
3476
5979
6498
2406
4371
665
5455
9992
9624
5449
9807
3945
5127
3537
8175
8437
6765
5766
2268
887
6346
330
6698
2701
1631
5621
5924
7370
7009
7805
9559
5542
1414
7957
5653
3580
8454
6578
7905
4043
2052
5985
1265
6950
9802
3778
275
3870
9245
3864
3497
6286
7614
4074
6905
3526
483
6891
9440
266
7245
4896
3241
8809
4815
5436
2736
3748
3502
6751
4894
5896
2319
3247
6340
1420
2205
108
3946
9960
3607
7876
4581
2733
5687
4795
8441
6131
2485
2360
4508
3470
7512
7915
2539
8714
5634
1383
5688
5377
1371
7521
3833
7091
8105
9072
6299
5805
8586
3219
310
9007
5771
5003
5104
4467
7107
6726
1513
3490
8924
604
3626
1756
6596
8004
6352
7621
8850
5248
7272
186
6767
7181
4288
9730
6181
6927
5175
7455
6683
1828
8084
3644
6267
6040
7862
1319
4876
5177
1441
7543
5901
8550
5048
7571
2951
4986
8336
4136
8189
5860
5213
5807
5340
9441
5923
6703
3112
9461
7477
7840
1009
5335
4933
5952
1060
9280
4660
3277
8623
735
160
4936
8323
4113
3931
6445
220
3252
624
990
7294
9234
2443
5163
1065
7620
5128
7310
7434
2010
3480
6918
7638
4744
5753
3703
6846
3043
7256
3474
4751
6674
8846
1922
3391
9028
6627
4591
7438
8480
1815
3855
109
4891
4380
8479
7856
996
6669
3820
2189
8625
6312
7816
6516
4539
8753
7482
6147
7892
9902
1378
8646
7754
5720
9920
4085
7767
9337
4768
4595
9166
4335
7116
9438
3848
9005
7283
7210
4663
1548
5393
2700
3916
8016
5764
7232
2642
5327
4256
9031
3185
6798
6976
1991
5712
4597
5986
258
9185
8673
4078
6544
2524
668
4314
2466
6965
4618
325
8985
3889
1923
8109
2298
8395
1466
8904
3570
1454
4280
4021
2361
285
5424
4823
9275
885
4142
875
8829
7690
2130
6707
3279
7309
2842
2540
3087
7074
5514
3710
4107
7089
5029
4915
1368
9076
7349
4095
4842
8270
9284
9962
5606
7941
3948
26
6682
4069
6528
3952
7483
1448
1255
6557
6719
8736
1690
1582
2669
110
1225
4238
5789
1597
2227
4972
7539
4281
2252
7768
9676
8144
9238
9889
6675
1860
2787
6531
837
3256
8522
4770
1104
1251
7208
7919
7176
3867
8600
5425
2219
5510
3957
7508
8339
3202
2664
5987
3250
182
9857
7447
3012
5745
7557
6713
5035
4006
3572
8580
9637
6817
6227
7489
2545
5410
9300
1415
7199
5728
6192
7967
6361
8725
8734
345
377
3036
4441
639
1189
9882
7672
7978
9197
5713
6769
4444
1725
4949
5113
2886
1355
9744
3491
2800
2955
4692
100
5077
844
9626
2321
9014
1181
2495
6261
567
3461
7110
4218
5375
8883
8781
6271
9257
2680
5562
793
3680
3419
2497
8022
2810
6188
5927
5257
4088
9871
7795
5878
834
6553
8933
8699
8858
6525
1381
3435
6930
6542
2777
1056
6602
8032
8922
2213
1918
8965
5030
2747
9473
6508
2706
8969
2267
5413
929
4532
7341
5496
8915
1280
479
8873
7082
272
8139
7702
968
9016
2784
3792
683
6908
9421
3896
8720
4419
9071
6105
605
8930
9306
4468
5372
4511
6565
8316
7673
9411
1352
9309
2074
1701
164
6470
7464
5262
5892
7993
8510
2410
9260
5846
3543
5105
7985
7667
4814
6615
348
986
5701
8597
5862
2825
5278
3637
72
1562
8456
5216
2562
7661
1429
7108
9445
4644
2560
810
5786
2293
1022
2105
55
940
6823
2588
6481
7152
9140
751
9377
8827
1367
5784
3756
2230
5440
1219
5671
920
8765
5670
3617
3811
1115
4846
4798
1013
8777
4326
8543
770
4631
4293
6285
3706
9298
7525
1490
1285
5388
9168
69
9686
519
882
4746
9417
2852
7366
9301
8713
8020
3355
9732
7454
7006
4116
8641
3504
680
7968
9268
1470
6639
9044
4351
4478
5595
9533
546
6886
5414
1188
4437
3135
9190
4527
8746
4197
7916
614
3535
4689
7041
3720
2598
3670
8741
4670
2622
6837
5209
4868
1672
647
3178
756
8217
3514
2921
338
8651
8129
4898
3603
421
7443
3727
1294
1119
6913
5307
2018
9324
7244
6647
8959
2439
60
8698
4143
3313
9089
4318
3166
2868
6744
442
8246
8312
196
1487
3971
7914
800
8952
4277
515
9432
4273
9713
9121
9710
1699
4200
8724
8300
5253
2369
1452
5459
4180
3963
7958
9201
2778
2113
2667
8640
4910
4459
1464
6924
2519
836
7841
7826
8916
6066
4873
8232
789
396
2988
5303
3452
4170
2895
3111
4131
6402
314
5642
6152
2760
808
2636
11
9618
1650
6493
9921
6856
3797
3302
2392
5546
9941
8118
566
2038
294
3205
9371
5356
1126
3565
3605
5125
1388
847
6010
9340
1749
8808
149
6231
5147
8670
3934
4166
4176
8822
7273
5714
6749
5343
103
1334
7682
5950
4300
4822
5267
1576
444
8839
9556
373
8309
7346
1326
2870
3228
6518
3985
1604
3331
3999
4522
6928
7194
3271
7592
6455
7469
663
3575
9195
6459
1054
8248
3246
6439
9231
7538
7505
1156
6941
9167
5390
7385
4447
5497
3669
4754
171
5353
3199
6351
9052
7311
3926
9566
3818
8074
8342
2453
7473
4253
2005
1336
5559
6896
7619
1049
9419
210
7617
5978
1459
9160
3154
6365
4743
163
2314
8671
6822
6851
5092
3456
772
1321
817
3371
3121
8679
155
8066
3914
1474
7175
5291
4658
3744
5947
2906
7559
2981
3097
2068
14
7212
5568
6033
7519
1430
2090
3707
5643
3245
9850
9549
8591
4688
6961
1197
9895
7838
3310
1775
9569
4248
2954
5203
2746
1897
2840
2863
4184
5773
5880
9448
5404
1947
6637
2887
148
8681
5493
8446
7358
8880
6610
4070
9646
1382
6280
4296
9585
4571
6573
245
3000
2076
2610
2266
4492
8911
7150
2704
4224
9788
8018
9967
9218
3334
9039
8130
2720
4944
1445
5488
2653
2465
9885
9977
9532
8524
6093
6609
3283
2973
4758
7120
1174
8511
2366
5345
4254
4373
4937
1304
6229
5249
7518
1703
7753
9959
8279
2738
3033
801
8188
1478
1908
7714
5609
8825
5832
4483
4766
6005
1274
8958
6623
57
5646
9095
2923
2922
5223
8669
8455
7130
4791
6104
3207
4925
3113
5761
8408
7670
4290
7776
2363
7305
7990
1134
7474
5002
302
3008
3735
3433
9845
1341
5788
3746
4953
3937
1599
3608
9994
6585
7555
6069
5941
114
9711
3140
3076
3745
828
6799
5279
1166
477
8867
1337
1339
4299
16
9909
3201
1370
6376
5920
3148
6427
4718
1434
921
6657
509
8225
4390
4893
1670
9145
5812
399
3203
7515
8835
6875
7086
6750
311
8885
5768
5165
3661
4442
4726
3614
4911
2884
8128
7351
2424
9176
7052
5601
3129
9104
7949
5293
9642
5264
4706
7124
422
9899
1570
3827
131
9868
2190
4955
9358
2735
8492
4760
7764
1675
3354
3004
3527
8116
732
3347
1064
998
7815
5194
5204
6273
2131
871
6806
5043
3289
412
8719
4348
9593
9783
7234
8237
842
5395
3405
3542
4775
446
3214
8762
9851
4476
2428
364
1651
2865
7077
5748
5957
4312
1247
8111
1405
5669
9356
2752
5582
3521
2447
9668
6358
342
7807
3173
2578
4152
4811
7657
9508
8848
3613
5196
3981
1276
9259
2615
15
5995
7775
6670
824
5306
4570
6206
949
9537
6337
8414
2708
162
5477
7183
7239
8538
7850
5972
5130
6127
2854
3495
313
5120
1292
4276
5851
6413
9462
3177
3979
1674
6591
6110
7429
2635
4037
8407
466
9226
3485
831
122
2057
32
569
2897
4343
5448
8216
8258
3006
7421
9621
2878
7083
3516
7951
8090
9144
7010
9057
8956
9790
1344
1254
2026
4073
6064
4874
4736
9856
4930
2885
8535
1893
1792
2785
9249
7068
3179
4161
45
4235
2512
8660
3198
8227
670
9476
284
6664
254
4383
7556
7837
7741
3628
87
5192
9200
6895
1634
1830
2575
3831
7280
8088
999
7524
8288
5258
9700
4529
8000
6702
344
6098
5289
7642
5059
7760
7536
3375
4666
2177
3825
9697
7695
6255
8440
8635
2994
2510
4923
9184
4274
2028
7282
8419
6049
7214
715
1968
4942
5599
6828
5123
8438
1880
8934
3333
4712
9524
8812
147
5570
583
823
8157
4087
1771
6695
1869
130
1473
7414
4797
3387
478
8984
1754
714
3894
5980
7999
7453
6813
7037
6783
4392
2769
934
2034
8082
3636
7640
5179
1608
9449
3977
1807
7456
1406
7848
8784
6902
5265
9775
1827
4497
776
157
8663
7961
4979
8101
8
3577
8200
8420
8151
7842
8860
9222
4900
4329
9754
695
5054
3432
9796
8652
8559
299
2374
1185
283
1461
6338
5540
3593
889
5534
2021
2265
5070
4096
6775
2429
7458
4062
5783
4465
9129
9587
7671
1535
9353
2434
6458
8453
9180
4515
7762
4555
2797
1343
8694
7716
2324
3285
3740
1666
9362
6292
2529
6248
1591
246
8434
4322
1747
7378
7177
9012
4191
590
9867
1826
7531
7265
5361
383
1151
3320
8722
9608
3600
2304
2913
1245
3230
6000
9078
7989
6001
3893
1772
5238
3489
4572
2104
4168
2561
9500
9755
1564
9670
3830
5993
6804
8150
8974
2750
1385
1070
9418
7499
9009
2536
8866
8590
7072
6696
1194
9043
2054
5075
2332
3397
2228
6788
9789
5299
1196
56
5931
518
5521
3351
6555
6547
7603
5717
5592
5767
5571
8317
488
7343
7134
6102
9004
2149
4189
6237
6249
905
236
4034
9413
7227
6992
4708
6435
4562
8176
1979
1694
1942
4080
9696
2423
3373
2207
7277
7880
4036
9956
8901
3339
8603
9396
492
8076
1063
7871
1233
2658
9045
6482
5237
1046
3921
1941
4928
620
8925
449
7540
3906
3721
9628
9069
8780
4286
4777
5769
9634
6593
4763
274
2535
445
1412
3688
5940
4251
5962
8121
8999
1084
475
1834
4376
7600
8634
553
5841
8052
6532
9468
1952
1779
5750
8567
1043
1958
4771
1457
1203
3155
6070
7007
6550
9776
8284
5791
2285
9825
2231
6182
9425
2551
4014
9175
9860
9360
8800
5457
5778
2798
4550
150
4026
71
2766
4985
775
3915
174
2989
7066
686
7766
9653
8464
2655
1169
3878
1774
6169
1544
2960
3854
3134
8950
7362
140
7240
4957
3464
2472
8397
4061
187
7884
3765
5682
5050
8836
6649
7979
2007
4622
2875
6254
2417
7367
3968
6193
7602
9427
5062
4209
2749
5666
385
7780
8577
3261
2422
6842
930
5597
2159
5402
1662
671
1286
89
6465
1858
5158
1356
1481
9501
6399
2668
6
1878
3798
6779
3251
6204
6646
6235
3139
2008
358
9923
2340
7681
7545
6178
2619
7304
8473
4214
5442
4730
4834
408
5294
7032
8790
4399
9490
2489
9464
7135
2220
7500
2249
9149
2118
9591
3692
7229
4163
1639
3050
6114
6979
9737
5652
2599
7122
5314
6371
6909
5690
3468
2526
1601
3887
1963
9893
4530
4119
1777
5550
1093
6625
6570
5819
4821
1164
7098
8705
2926
1348
4924
6214
778
5876
6359
2543
3767
1620
7156
9691
7095
3269
9887
7491
6325
3807
3415
7103
1182
8879
5199
1785
5617
6535
8495
1506
9594
7688
2900
7426
2064
627
5506
3431
4912
1426
116
9827
9132
7419
9391
2946
1322
5648
2306
2794
9562
6720
2625
2652
5525
7799
9913
6028
4261
6328
9308
2603
3266
4012
8013
9399
5580
8469
7189
2724
142
2322
8036
5867
3437
9383
9398
5447
8226
4569
1610
3352
5785
3327
6509
8585
5641
4903
2335
7733
4066
6150
8841
6434
5519
4194
8902
5522
5956
5638
3403
883
2626
2291
4807
2496
7699
430
6791
5276
5842
6973
8615
8033
9312
499
2818
8202
8148
1227
2242
6074
3704
8677
7793
7480
2203
1132
2022
3105
5861
8242
618
4588
6279
4433
6984
5324
5142
5319
3581
458
861
8906
572
1615
8228
5706
5090
81
1914
589
8693
7440
5065
4673
795
9063
206
5269
4017
3455
511
2368
2483
2004
7804
3805
2198
1281
7719
94
3146
1921
3702
1236
1215
3597
1768
2546
5351
5399
436
8204
98
782
5403
8358
5164
1523
3932
866
6018
7696
3594
7391
508
1482
2409
9658
4704
6551
3645
8960
9108
7396
6626
7441
5069
6977
2692
1915
5610
3029
1648
9429
8059
2461
7487
1113
9679
783
8266
4752
9751
5613
8963
8644
1048
146
1943
2744
6789
1208
3558
2803
7653
2402
4242
3895
1317
805
7810
9903
2924
6819
864
6140
5900
6050
4394
1296
2103
9758
8436
5926
5574
3616
1002
2783
9522
6499
8889
1492
4364
4418
5378
7301
9542
6716
6748
250
8035
8754
6138
2739
469
256
7040
8371
8997
2099
5888
9021
8127
8545
7140
1360
4641
7852
4213
3072
2674
8805
1027
7537
7745
7360
1438
2657
6052
5965
3471
7608
839
3876
3508
6045
1882
1458
987
9437
2753
2757
4060
9056
6205
7399
8171
4294
1076
5838
2820
447
8005
5495
4788
3817
4243
2742
9997
1642
9985
8166
9125
3888
3114
5068
2491
6083
5681
6272
7759
7292
253
7628
542
1846
355
7113
425
4964
2444
5428
2835
5793
8167
8320
1040
6650
1259
2474
7568
5210
4471
3063
7344
1983
1393
7196
3386
5159
6259
7846
9086
1421
3473
6269
8595
9735
6452
8107
8030
786
3062
9678
9820
8103
4503
5131
3366
136
1272
8528
9876
1035
5385
7231
3383
202
2997
8415
3120
6733
6618
4455
484
3774
1890
5744
4041
2696
8283
341
8979
813
8854
8954
6943
7153
2801
9074
6408
3676
8445
242
5954
7823
7869
3160
755
2504
8239
2031
8418
3789
1403
1261
6967
2516
7706
5383
8709
2437
9680
5658
1741
77
2662
1349
6112
9302
863
4715
335
2594
8647
9000
8024
8424
4059
9334
5960
3126
8853
9724
4998
4711
1171
7326
8452
8655
1234
768
8884
2288
6773
6849
1995
3189
5953
5408
9115
1436
4577
8113
9965
4739
25
5583
7495
9482
4584
1433
433
7064
9373
9752
303
7080
226
6946
2503
7233
8315
8895
5885
6663
8678
7213
441
2459
7400
6119
5800
1789
8201
5911
5724
6514
3552
8988
5530
606
7669
3406
3759
212
5000
3922
4997
9919
2431
1030
292
7121
3857
8517
2716
724
3898
7475
687
3783
4451
8346
9196
1683
907
3697
6763
9817
8833
1451
9667
8054
9943
1629
4813
4182
1803
1400
7125
1397
2729
5538
9883
8291
1167
8292
1937
1184
1848
1469
5211
3399
1307
9761
7317
9699
4270
2952
7506
8661
7059
757
9864
2058
5226
3673
4881
8891
4259
8859
3416
4982
6754
969
630
4245
9874
1895
8637
521
4920
2145
1932
3224
8301
8432
2673
1728
8332
7190
6792
3156
8376
5600
9645
6835
199
6608
8680
3487
7299
8009
337
2945
7955
4721
6777
6291
2476
8912
5309
5689
2781
3227
1305
9934
4773
2605
7902
580
6398
4679
1489
7756
5853
6964
1659
320
111
8838
4320
3005
2060
6310
4724
7639
233
3176
6035
6519
3851
1641
1177
9188
944
3559
7275
4220
6380
8191
7291
8554
8874
4561
6480
958
8253
5037
7498
1654
7081
9341
8910
1001
9516
7073
7492
6336
2418
2025
6043
9003
3738
1611
974
6145
9415
5064
9701
5463
5028
4533
2737
8675
6385
536
4321
5235
9929
1207
6745
7115
9103
7002
7496
3444
5988
6454
6394
4141
7542
4436
5959
6919
3912
8682
2262
7387
91
4079
8133
5922
6410
5556
7411
1540
7145
854
9361
9957
7962
357
9321
3051
9733
3772
7389
563
1476
9906
3151
8325
6124
9335
2164
4239
9096
2839
5297
1913
1295
7730
3611
6225
9318
8740
8416
2654
7998
7186
5484
9821
8731
1717
2359
1395
3649
9310
8622
2037
654
1706
121
1155
9596
3396
2638
4323
3191
7550
3562
6244
7071
3180
8630
8980
3959
7820
7164
3286
8564
1856
3842
5057
6876
1062
4676
9263
3534
204
6094
3128
8405
5693
6391
8608
8299
5777
1364
7532
6431
957
3732
3663
7439
1782
3815
6082
1994
3953
3027
7024
1899
6989
2116
5359
4426
8684
481
9948
374
7191
5458
6529
507
6412
3293
1491
643
7057
8011
289
8263
5787
8593
9092
5173
7611
3632
2905
1266
3174
7325
305
2295
4579
6830
3379
9995
5908
4485
2910
7249
4524
4379
5835
7803
7290
6628
5274
5774
599
5579
452
5121
6890
482
5733
7246
5752
6457
8374
6648
5007
2081
6810
413
6660
5549
5190
8340
1578
9747
30
2248
5155
760
8541
4150
6589
867
3393
8055
6530
1306
5499
989
5311
9066
6503
4544
2754
6858
2389
6111
9198
2281
3935
5099
6029
2934
8569
7151
5855
4341
6387
1221
6378
7939
2441
1524
9812
7797
7497
5875
7922
9276
960
3861
2589
5770
8327
6265
1017
6624
5494
406
6515
2633
9367
8476
6717
6270
1658
6581
9598
3015
8478
70
2339
543
1817
9424
6032
3448
5836
5707
5252
6613
3249
2452
2373
9673
4495
8549
9614
7963
3262
2144
2796
6844
7675
8008
9469
4774
696
1637
8065
5620
9765
3761
3961
6354
2436
1633
2112
9333
6533
2170
2282
5205
376
8257
2703
2069
8163
8212
5984
4159
1870
3106
6355
420
7520
7463
3844
5207
6333
7582
7530
4847
1240
1781
9435
2968
8125
6428
1465
3127
6242
2346
720
7409
927
6948
4547
979
4397
2195
9035
9325
1751
4983
7241
3170
1632
716
8561
3582
2656
3363
9093
6415
993
8425
6199
3984
8744
2514
5106
6471
2122
5918
3215
7374
5780
8501
1081
681
880
2280
6513
6534
7562
7907
3718
8443
6262
2016
737
207
2358
4905
8834
7946
5996
5273
534
7825
7268
4474
3522
8500
3367
3149
8417
5176
5762
6859
4836
4301
8354
2678
7364
2289
8704
4931
6820
7096
2449
792
1802
3869
3443
5917
4307
513
5339
2559
637
5482
6606
6539
8026
8687
7623
6067
8190
1253
1919
5928
3635
8706
2572
3348
5631
3905
3307
1162
7431
6460
2440
8657
5726
8179
8305
2206
4864
5821
7350
1912
2566
6278
6991
3557
725
2456
4862
734
1593
8506
9785
6088
4411
1730
3877
1224
8793
9006
3907
6264
7577
8871
4493
3248
2388
2582
8533
9652
7599
5097
7610
8587
675
9738
9070
8937
1987
3344
7977
8568
5247
9458
3369
1750
8864
3658
691
6123
7966
6396
6812
850
3209
3886
9815
1614
1112
9572
9098
3901
9080
7097
1053
2860
9846
7541
5738
3447
2914
5564
1135
2151
9716
690
2548
1883
8806
9405
2595
6319
2446
3653
4342
7689
8112
3699
6914
6802
120
7652
7481
2337
4190
6721
7739
8352
881
6184
457
3268
5490
2199
6013
4158
1041
3330
328
3099
6348
9886
9578
2330
846
2260
8556
3726
3879
5331
339
7225
1217
4958
6910
2490
1875
3972
4404
9453
1290
8920
1627
6845
5734
1575
3667
4439
3826
2183
9777
9202
4593
517
1910
6793
7784
1619
5802
8526
92
6476
1505
8486
1909
434
6560
4092
2600
7933
6306
2597
3992
8174
7465
9359
556
6233
463
4685
4534
5332
4871
5417
7407
1697
5023
1874
6034
7288
991
1579
1036
7604
5285
5474
7079
6165
5456
9932
2100
4913
6056
5756
719
9644
5555
1624
5746
5755
8344
3098
5011
4212
2853
4391
5317
9299
2250
7204
3337
6672
3462
366
7428
3927
5705
1154
8484
7772
9481
3771
3809
5679
7934
8399
4146
2523
4405
1226
9015
9942
685
8039
6219
270
167
315
9648
3161
9858
8611
977
2278
2891
9444
8775
4542
8457
2763
9715
5624
9447
9171
8774
465
6993
3891
2555
9973
3655
2889
3801
4677
5056
5466
290
1618
7778
6472
3595
504
3144
7011
2871
2775
349
2770
9073
4877
8865
1709
4368
8117
5675
8463
6068
855
4779
4629
6673
6357
3838
6305
8308
177
3365
7050
5446
1829
6401
3599
8633
816
3370
5870
3588
638
4804
6616
1509
6116
9497
7106
1556
1607
6020
8936
1366
2384
2850
6364
4015
1649
982
6353
419
8359
4246
523
745
3450
4552
6833
5008
6884
4005
5444
6545
9574
3053
4129
942
5818
9988
1904
6210
5512
1755
2071
3162
2593
2879
3665
8051
3429
5843
8552
2271
1965
1256
9567
8224
3592
5607
6900
3711
2665
2971
4996
1573
4469
833
6342
2043
9945
7834
3118
5074
4659
152
8536
820
3941
104
694
1116
29
3104
7323
5509
2947
1583
636
8629
8042
4416
6619
3539
4801
4519
2639
1948
4139
4800
480
3904
398
6864
4105
9938
7942
2277
2813
4951
7936
2765
8165
2542
5342
8752
6747
1715
7606
588
2498
6814
2416
1606
2191
2165
5517
7159
9150
7870
5520
5664
1998
5589
5848
6115
402
4691
4509
230
2748
9274
1671
9143
5292
1045
5833
3897
1527
7988
4852
7595
5502
3335
7677
5016
8485
2027
7937
7607
6334
9323
9246
3903
7250
3296
7339
4370
4851
4324
8083
6015
343
8537
2181
5434
1199
9084
2128
8707
2308
4781
9477
8613
3969
8375
9568
8943
2972
6418
5899
527
2931
7584
4462
8609
7692
8515
7252
247
4661
3108
9528
2283
8140
712
1767
656
4707
8068
4968
1140
8049
1726
3920
1486
6174
3197
7746
9801
8503
7906
5091
4884
5625
587
1419
7501
5245
4480
2966
8844
7574
655
9054
5432
2726
9836
3841
7163
5461
8462
3683
5084
2937
8948
9277
1507
5145
2372
1534
3681
9545
5271
52
5971
9474
1748
3424
6541
3989
5645
6735
535
1006
2341
5662
4732
532
3776
7565
6217
35
9636
7118
8331
9331
9582
6850
633
2201
1567
3824
4965
4155
267
3791
7560
9406
644
7923
1331
3427
5149
3875
6770
9742
6882
424
3790
908
6011
1168
6144
7711
8645
8386
9239
6017
8281
9019
9494
9047
3159
1016
9617
913
8619
9018
8868
8475
1407
3020
8230
1933
6164
8015
4443
4838
4267
3477
49
2029
3069
1175
3402
3742
7012
7405
8667
2908
65
8921
3116
2686
3357
4632
3064
6860
3272
9976
3032
7094
2464
2458
84
6662
5937
5594
2745
1073
9866
1925
6026
7894
6239
2567
6275
6030
7888
1302
970
2098
2899
7185
9434
1289
4908
528
3528
2200
2679
3412
5019
7926
6172
6117
3275
427
2307
6438
382
3784
8654
739
2552
489
1600
6811
9403
7911
4861
7162
2684
8944
6475
365
2617
2938
6568
1387
6284
6288
6327
1586
9936
5543
2065
8025
8433
4757
4840
5094
1391
4123
6693
7898
8797
9364
7827
6392
5614
2607
1195
1300
2779
8184
2109
6095
609
713
9457
4521
5910
6302
8124
9236
7205
7027
4740
8798
5563
3090
2620
6212
5346
750
4053
1778
8268
7192
3364
1297
176
1039
2841
8946
859
3253
1485
1145
9619
7597
3795
8605
2234
6970
7663
9604
8723
1390
8349
9177
5295
1202
7460
6139
1012
5275
3360
8061
826
9926
7257
5622
2986
9064
1106
1125
3873
9881
7593
1799
9296
744
8779
688
3967
6911
662
6869
9773
3515
9632
8947
6904
6644
5337
5473
2261
7564
9837
2433
1571
2143
8845
3421
3651
6604
2928
4637
9649
8700
602
9348
8158
1092
4420
4558
7785
9034
2629
352
9400
510
2111
390
6796
4783
6937
579
2296
9564
815
5328
7589
4185
5406
8275
1015
6326
4077
8028
9289
3299
9349
9206
5558
3094
8002
73
6461
3017
9106
2859
762
4543
3621
1024
4487
7090
3208
7023
4338
5877
8351
7298
814
3453
1229
2579
4501
4827
3463
4250
8379
2475
7442
8801
2137
3714
134
8450
6784
852
4895
3442
2154
6971
8236
4413
7274
3531
642
9478
5266
8214
5629
28
2146
1917
7138
9211
8041
4367
7093
5799
8546
4885
3561
2761
1945
397
8542
3757
9442
5405
8606
5529
5635
3381
2171
3793
8562
6692
1422
6877
6827
6137
2310
621
144
9459
554
7131
6588
2717
9590
9336
2624
4124
2394
8134
4578
5187
860
371
788
3822
895
3071
4559
565
3819
2549
9250
6424
5887
6787
2881
5411
711
500
1314
4747
5452
2420
8482
6872
7467
1729
1545
9563
2596
6331
1574
6218
9877
5078
8180
2651
564
4682
3587
4883
1980
5110
6386
7247
1795
9717
1798
1267
4282
5148
5577
7773
3832
307
9824
5596
6505
4360
4172
6995
9493
306
4989
1590
9863
6080
7665
8422
2427
9698
5357
858
1477
3446
8992
8120
1278
375
2606
5416
3281
4702
262
9008
9727
769
3132
1026
6108
7173
8832
1310
2367
7899
4583
7811
8598
6186
6157
3223
9550
4526
2591
5439
1439
3816
7812
5930
1949
107
9989
9520
5626
3951
3182
9155
2950
9374
9379
7319
9809
2166
7061
2874
5591
9869
2948
53
5022
9623
5736
8426
403
4650
2092
9042
3708
7133
2741
4456
8461
6474
7788
3401
2646
4710
6758
3747
6848
3544
5066
2862
3662
4272
6684
9577
1696
9702
2649
1025
9685
848
3519
9455
9606
1361
7910
3943
9963
6605
411
8789
6397
9499
2263
9984
7679
9134
1313
5422
5775
8745
9601
9303
6303
6577
387
7264
5250
3524
1652
8357
943
9660
9174
2357
3001
501
6780
9311
7924
6795
1763
2776
2435
841
9705
5321
2395
893
1501
8247
3523
7333
3259
2225
3939
6945
9189
798
428
1508
4108
5170
6057
8520
7791
3084
3395
5541
5290
2768
1645
1519
2222
7001
4805
3785
5814
8047
4445
1315
3346
6861
9615
8759
9199
2236
3103
781
2677
4054
2872
7824
8618
5157
584
733
9148
6230
8350
8881
1667
8058
7522
610
559
4799
6363
2070
1990
9487
9439
7036
3693
9002
6409
7868
7994
1955
3917
7018
1089
3573
7720
4875
8106
4742
9609
872
5740
2085
370
5071
4395
9370
705
3657
6847
293
4735
7022
3775
7954
8742
1889
7674
6840
9186
5363
9091
7026
2169
8499
2237
8686
2080
3863
2505
1707
5445
228
3175
961
2445
5866
4611
3478
1067
2158
8470
7303
1103
9026
1101
3779
1351
4634
869
2963
8875
3321
9870
6654
4219
8894
948
2317
300
4820
301
6947
217
4298
9357
6148
9316
6743
1460
7929
6922
2808
5547
592
2397
3713
1951
3083
6277
1210
2300
9094
1936
520
9173
6257
9485
7112
516
8743
3340
7821
277
9875
2345
903
8444
8006
3349
657
4870
2273
197
172
3973
5909
9512
8078
8322
6422
5684
1978
2067
6488
8447
51
41
6524
6645
8951
7258
904
7991
31
7019
3119
4717
223
8909
3414
5469
4431
9423
4118
5759
6764
9555
8448
8756
4899
1682
3769
471
4567
3359
7155
1760
6574
9677
2072
8152
1811
9061
804
5839
3741
7900
1939
2721
2126
1311
7340
3643
1898
6725
2036
8900
9915
1657
261
7809
730
1359
3810
4516
667
2585
3311
8931
8086
2563
8968
6446
1410
3420
13
7472
7166
1055
6287
3158
8198
5219
6042
525
9518
9058
9953
1896
1475
8458
787
468
269
3750
384
8919
8975
3568
8566
1239
3556
1517
2259
6940
7352
4684
7629
5647
5443
7390
6677
4880
4860
3990
8799
9388
5667
4003
4988
9798
8060
3095
4241
9622
8053
2000
1825
379
2564
7004
4761
9436
6130
5304
4713
9390
8487
1117
3190
9844
2611
7048
2176
6643
8664
3814
5310
2162
5660
4580
3034
4233
9818
8110
96
9684
3301
1885
318
6122
6873
2806
4605
7641
7748
1974
3483
6500
8367
5144
9873
7430
8857
1780
7650
7904
2411
6912
257
3690
7836
5702
8377
3110
6972
6659
2399
1737
7278
7154
5312
6036
7322
7626
6263
4211
9781
1871
3569
1423
8267
5824
324
6171
351
8064
9426
2848
5151
168
7165
932
1079
4040
6552
9509
7579
6078
1681
7445
6901
4678
7114
3947
2936
6368
2916
7420
765
3267
6315
7684
5898
6959
2380
9241
2571
6370
6597
22
1453
4225
2224
6311
2015
6400
9539
6462
2194
5282
6753
6177
4215
5560
4366
7851
9025
6260
4328
558
6321
4513
386
7237
2279
9430
6878
8971
7835
5905
8966
2917
4723
6494
8466
4793
9112
4378
545
9986
5322
9536
7314
1793
1924
1338
4756
1004
2349
6483
7375
2570
5719
799
3938
6906
698
1394
7844
9878
5925
8391
7263
6004
7847
9843
5886
3342
9575
248
9683
7786
674
1976
812
3930
4210
557
4683
2554
6025
2046
1275
6739
1685
4901
7580
4091
4009
7678
8627
7563
4738
1018
17
166
2999
856
981
2142
8771
5270
8574
6942
7248
9090
1107
550
4109
7379
4904
2329
8964
9630
3368
6086
7687
6377
7127
3496
6046
8896
1927
4700
8794
5188
7909
9055
2693
5330
8169
7980
8001
6761
3109
4417
7318
6832
4536
7187
9142
5776
5102
9162
5004
4869
8244
141
9225
1252
4494
5632
5320
9205
9760
8295
3345
3131
4398
7035
573
571
7969
2096
3646
2807
3101
7588
4624
4653
5450
7435
1959
2482
3143
6281
58
3666
6151
1713
9328
8581
5565
7065
2238
1847
6506
8251
2517
6009
8014
2712
3294
9772
3786
6170
9514
232
2925
7261
5255
7830
1970
6298
3255
6701
6994
4120
5883
2138
3584
135
6341
5318
9033
1244
4454
2430
9753
9483
5189
7938
6441
8012
5141
9387
9152
1759
2336
8791
2892
6203
5699
3411
6632
4013
2866
5856
2845
947
4089
4613
5379
5392
9612
3678
8560
2457
2049
862
9278
1520
3233
203
347
2385
2670
3853
4541
2086
1660
7203
4737
7771
1149
3404
9971
4620
8796
8778
4887
6442
6202
5076
7105
7605
8347
6658
4812
6221
4356
309
6633
7583
7744
6411
6756
3234
2078
926
9629
1892
8757
2156
9832
7436
9503
5418
2941
1644
570
4010
3642
9322
1288
8786
2707
7126
722
9046
3940
3258
6636
5214
7782
7708
6055
1263
215
8206
2481
4100
295
5326
9363
5503
8579
4714
4165
7578
669
1443
8181
9970
3163
1153
7818
1102
1722
2274
7622
6782
2157
9297
8203
1546
5829
5501
6575
7728
6360
1543
7858
5663
1118
693
2640
7087
5298
5370
1577
1569
3737
4479
9085
548
4759
6527
209
4484
4703
7372
3188
20
7567
4845
5492
749
6073
832
8401
9216
1047
291
9488
86
82
9910
1095
75
38
3799
4372
4353
2513
1786
8813
3068
6190
6356
6939
48
1502
3052
5709
3026
6523
4207
4866
1005
5708
5806
2980
5891
1186
4966
4045
8996
8115
1389
7368
7100
7831
8183
2326
7380
5864
4038
1059
4258
8703
6836
3133
8072
4076
3117
7316
6166
2377
450
6920
9326
9029
678
5462
6372
1984
8898
4236
6564
2124
6375
562
2977
3654
3460
2718
1881
3729
5628
1731
8070
61
4531
1230
6831
5184
1791
4023
829
6051
9506
4481
112
2581
8255
4640
5973
653
7359
1655
6722
5527
2537
5186
6097
7691
4626
1989
1258
201
8272
3288
2515
9922
2184
7649
2415
3834
440
1449
9620
79
827
4764
5348
9951
5893
7025
1231
684
3058
9797
7260
3430
5545
6907
3239
3372
7450
3728
7123
7945
2120
1587
6195
6711
1680
8170
6350
5722
2412
6689
6638
2676
2867
4918
4247
2095
3059
5454
322
4051
6426
4202
7427
3472
4587
7459
784
391
2616
3057
244
7047
24
2911
7415
4932
3541
263
6825
401
2557
8563
6958
5727
9088
911
6126
5093
5360
4110
2160
3297
641
9633
3454
9191
822
7365
4046
6485
8676
138
7864
7717
8276
3434
1609
2167
3533
3317
7354
9294
7211
1552
2609
5581
2508
4285
3312
1237
7308
6599
9397
5637
1020
6024
7369
2051
3390
1377
9344
7546
7668
9022
2877
7060
7646
701
334
9657
435
1044
438
7386
3723
8697
1572
3323
5467
169
7055
6317
7693
7243
3002
3445
5427
2311
2044
3672
4044
7179
1855
3304
3546
9904
5012
9114
7128
8459
1472
6236
5587
2056
2284
1086
2953
4844
137
3615
19
2969
3221
7042
7625
1363
3629
8816
2795
5505
9010
3501
5400
494
4401
451
5894
9314
4412
2520
7982
8119
2020
9991
2844
9888
896
8795
5005
8607
5668
3538
2964
9395
9244
7829
191
8502
9156
4160
8161
4167
6786
4344
578
6690
4490
6162
1635
4
7207
8730
6841
616
7313
4424
2723
3760
6595
6393
3458
4719
5826
9675
821
5080
5575
8656
1131
6318
845
9804
4440
7394
7970
8313
8369
8683
170
6504
7158
962
8712
8905
8738
4425
5308
5533
4502
3763
4609
3764
5935
9908
6226
2303
9616
607
9914
101
7008
6106
8594
2984
1427
6339
227
4011
7223
4216
1250
12
9787
7184
1843
7051
367
575
78
5055
2648
6007
3749
9138
8451
190
8802
2790
4310
5834
9492
3682
2814
4473
6929
2758
514
840
4186
8856
7551
5419
4528
2405
6727
336
1598
8953
8162
4575
3980
3962
1425
2982
2365
2075
1170
5872
3554
9313
4382
8329
4753
1105
9842
7927
9829
652
7581
7075
2771
9178
703
271
1833
2827
7587
4750
9097
102
9489
4941
6760
3840
4727
5999
7664
8727
8249
3602
7432
3664
8341
490
1299
2073
4234
8231
5260
8737
4229
5426
9463
3013
1745
8430
5381
7897
5472
6963
9317
8383
1603
3909
666
7732
2059
3123
4621
3326
8962
3640
426
3560
3975
8525
3806
1386
9248
2216
8196
8869
6125
6710
7242
9354
2604
3078
7418
6077
2764
5316
7612
9650
1800
5352
9998
6491
2660
8364
9283
2819
4199
677
8439
9013
6295
7238
3016
503
7484
143
8847
6468
6708
8982
7712
1500
2309
2136
7972
9416
3196
1150
9728
6718
5593
3923
8949
3481
6134
4249
6838
8530
9946
1836
4289
7044
9101
5578
3102
5837
4600
3044
18
9062
464
6121
6075
7446
2869
7953
8319
4565
3145
3520
5132
7647
9588
9293
2235
4429
7790
5544
1158
8760
1058
2033
7045
9643
8360
3136
1243
4549
7986
9515
8773
4101
9768
5464
8596
8483
0
5524
8147
8294
8261
3865
9038
6898
6332
9597
5134
7976
9835
4638
2479
8815
4630
6154
2179
2024
4849
8003
6968
6293
5683
2995
6425
7828
1584
3627
3315
4153
4680
2215
8941
4792
2364
115
9040
959
8840
3856
178
9450
2468
5760
1287
2876
7143
9659
7142
6666
8382
2135
3009
8029
4097
6027
2493
682
9987
5630
216
5329
3978
1232
3942
9521
7750
9535
2172
4749
1555
2507
7053
3291
7857
2432
843
3995
9554
8081
4818
5333
476
5468
8842
7819
5239
2912
9412
9307
7656
897
9210
4976
4762
8995
8610
9181
2102
9819
9917
1091
6612
743
6829
4909
1764
8576
3936
4414
4627
1693
4428
5955
2759
9810
8285
5968
1462
7751
9723
5433
1525
6507
4068
3413
9319
2647
7109
8328
6839
3187
4935
3204
9625
214
7003
4435
2413
1553
4553
9471
6486
8040
129
2030
5498
6006
8612
3343
6290
4612
2893
2480
1347
555
8792
8870
5373
7879
2379
9795
9805
9332
6487
3512
5627
3088
3423
6149
4668
1928
6691
9291
4830
243
6768
8557
7361
4687
4865
4028
7383
312
1510
9740
5103
7895
9228
4538
2471
4128
2473
4452
1849
3837
2062
646
7302
3184
3687
5287
3218
2246
2689
8649
1123
9281
857
3997
6801
5515
5536
8069
2082
4546
6417
21
9672
6246
6880
9036
9452
7637
1623
9179
7654
5997
5031
7160
8823
5567
3235
2477
9780
619
4033
6797
5119
9681
1820
5480
9315
2882
1982
6021
2320
1888
4154
2932
472
331
1797
3137
8321
2375
9560
3858
5551
5729
8849
2002
9282
9267
5742
2547
5982
368
1549
9745
319
3773
5507
6709
9221
9816
5139
4291
1205
700
5725
1494
2685
2883
5415
9546
9230
9130
922
6732
2525
3908
6899
5747
3125
3631
796
8726
9258
3547
33
9872
5651
6213
6790
6081
2628
3031
4103
327
2569
4535
4878
2944
4195
4389
1409
1235
473
5906
8402
388
2110
8887
3836
2204
9208
7300
6952
8733
4566
9001
2780
4303
6314
4992
6521
585
2698
1776
1143
5840
8017
6655
4311
3409
4848
5227
9558
36
8512
7262
2302
4506
7749
6951
8711
8043
2641
3510
7502
6923
7197
6723
1209
3077
5256
1676
8330
8926
9030
4193
1663
5879
1271
117
4563
5858
1122
6818
80
6135
1031
1985
3868
1823
6955
7070
577
5944
5009
3586
6944
8890
7725
601
4464
8735
9215
1365
1840
9041
1071
8626
7028
7478
5932
7078
3849
6289
6705
9170
3138
6556
8505
8932
7729
8373
5942
2804
7209
2343
4400
6741
4615
6936
231
4081
9137
1342
4157
4786
7860
3829
4007
2518
3329
7743
6489
7266
4517
3229
2837
6774
2687
541
8019
7031
8653
4149
4938
7342
1187
6981
945
6631
4785
7254
9792
4582
6253
7417
4083
333
2318
6592
2522
8104
3361
1818
9466
3988
3298
5548
6089
4934
1068
9741
5691
5376
3290
7561
6640
2833
729
1743
184
4446
3960
3089
909
5001
9603
3280
1986
4231
797
1732
5718
4114
3731
1216
5259
1051
3305
3852
7315
1437
4854
8071
213
964
7709
4598
4221
8050
4720
491
5061
6641
983
4482
9769
1528
865
1736
8970
1130
3777
8222
8256
6037
7393
6517
9410
645
4177
2338
6916
2538
660
6680
4817
8588
6464
1900
8767
709
1992
7076
7613
522
7345
3648
4959
1926
2003
9083
9541
6416
9712
4457
5154
5739
264
297
252
5732
9540
2055
9865
1279
2163
1621
5240
5989
8624
6935
6421
2645
4450
7659
6103
9059
9663
5852
3054
9859
3206
5672
2933
3493
9890
5129
6247
3553
7651
5912
9384
4662
7062
4027
3529
6949
1708
448
4297
2985
8659
2614
5618
3730
2958
9511
8195
659
6559
9778
8311
6676
5017
6678
4970
9771
2132
5804
4557
7601
3758
1
538
7327
27
747
3950
1222
2550
5974
4824
7198
8715
5288
2838
37
1402
5914
512
3316
4767
8409
8490
9803
3039
9613
1845
1794
2125
9573
5041
9288
3722
4112
1424
2355
6132
3428
8046
2442
1484
7449
4361
6173
9261
241
4438
8413
7801
2722
8126
8048
260
2108
2305
1640
984
9369
4055
7224
7054
3122
7504
2907
5111
4810
6414
1532
1228
8521
3287
4135
8087
2613
4315
4916
4952
3065
6197
5794
5884
1844
2462
2419
8271
8234
3835
1964
5966
1612
1950
4967
1446
7321
9256
5251
1111
8260
3762
255
5138
3983
2713
8044
6238
1558
6309
721
8929
2421
4313
7444
3890
7666
7437
7182
1037
4126
9386
9011
9786
3743
2269
7662
6223
6543
8639
7451
7893
9378
923
640
5553
6697
1075
2342
9081
8027
8343
8185
3362
7381
4954
4729
8928
1695
3652
1560
1444
8149
3417
9884
6090
7397
4694
6554
5919
1626
4268
7908
4574
6079
971
731
1911
7873
4240
9855
806
2017
5504
9553
9443
6590
265
5185
3070
3716
1852
8558
6071
8427
3545
5849
5513
2063
3872
1906
8604
5700
9764
5118
9346
5859
7570
5
6240
4030
8362
4780
4098
1643
4049
2454
3796
5368
952
9292
2509
3503
6569
462
2178
4828
5124
2393
5232
4008
6449
2993
2691
8589
9372
6301
9330
9420
1369
3579
6268
1692
9451
6008
9814
803
3705
2316
3813
4410
1744
2141
7388
771
8199
7817
9811
794
8750
4950
3955
4505
6300
8353
910
7402
7861
9414
6921
3610
7230
3675
2983
5850
4699
105
9739
8571
9570
5863
925
7547
3438
8429
6809
8390
5588
3186
372
5220
8235
6031
495
593
5049
3500
9610
8378
159
2327
6076
8286
2106
4058
2
4148
8250
6734
4226
2061
2799
4709
5657
5822
8748
8159
409
3506
3913
2702
5174
6099
5710
42
3042
5749
6002
6863
6600
5051
5619
7452
898
4187
1350
9502
9329
7174
7813
5244
6536
7627
4623
6274
9894
9748
7726
5409
1003
7971
8205
4922
9799
5471
9852
1379
4029
5168
6276
6085
3630
9905
4610
5903
1362
6934
2255
3167
4486
976
9766
5990
7485
5072
3900
8766
995
1563
4646
5015
4362
3622
3309
4889
2376
5198
7680
7462
8732
8361
3172
9695
1120
9339
7424
763
2809
8614
622
8993
1316
9602
5371
4257
4047
6379
3518
4603
4943
7845
3845
7376
7063
9706
437
5453
6479
2258
2697
5025
704
1698
7874
3374
3685
7147
8843
8091
6243
5073
3049
6053
9075
7618
7710
1691
5907
7921
1716
7877
3091
6694
4514
2083
9931
5913
2297
4956
5758
2556
7685
8820
9153
8830
2348
7382
608
7468
4617
154
1723
4488
9253
899
5721
582
194
9182
6997
7516
5816
1872
6490
7694
432
2042
238
1165
7286
2127
6179
9944
9828
3641
3794
1398
1784
4722
8431
4601
6167
3093
5038
8807
5929
3733
39
1783
1622
8356
8194
2565
4892
2711
5421
43
3609
6061
6141
3171
4206
6384
6579
5857
4355
5391
6871
9065
2217
3467
9584
3698
1541
5182
6092
3040
8160
1684
4090
1191
1944
7964
4592
4032
7882
6975
3092
9203
4642
994
5197
617
4969
4698
62
8818
6598
2478
356
3768
3564
4223
5611
280
229
1819
4266
4790
7984
9640
7271
2383
6048
9163
407
9513
819
6185
8243
6587
4960
4919
3780
1497
5523
7136
9161
8136
8096
8304
4765
1495
4819
1901
3880
8978
7058
400
9285
5153
1456
8298
8389
9661
4733
1742
9172
3823
3639
2331
46
6168
8572
4094
5135
6681
8782
8817
106
549
380
4802
628
2730
2714
4599
8621
8238
9079
2786
6118
6805
5349
2168
1801
9304
1617
3200
23
3991
1972
8435
2755
4035
2202
3192
8674
7722
3902
586
2114
7049
4308
825
3388
8863
4317
2816
902
2992
3659
6969
5845
1411
6960
706
9581
1198
8739
692
5798
4585
7947
7735
99
7206
9531
8688
2824
6803
5133
4151
2976
9999
2618
4787
1821
1413
5095
8642
7171
90
221
7513
6250
3037
5430
5079
1450
4863
2584
8385
9394
9552
6730
8551
3892
7269
3712
5479
1440
7952
5052
119
7220
4350
4856
5137
7796
2531
5367
5528
5518
9380
126
4363
2387
5334
7161
5060
9024
7996
6451
1416
8998
9557
1515
2896
7591
6766
3578
2792
8396
3130
7975
7338
5964
381
9782
4346
551
7222
67
2041
8617
9808
6155
7742
4347
2023
7493
4384
9982
6484
918
1813
7769
6661
83
6546
4345
9709
3306
6679
7267
9543
7129
4540
7737
2350
4614
5897
4156
9446
7226
7423
6931
9665
1159
2013
4057
6189
8474
3107
5183
4048
8387
766
7995
9479
6241
9896
9605
1902
4283
2047
6495
708
7569
7987
6324
5694
1418
1711
5797
7332
9841
1712
8289
4093
598
5366
7889
8803
8489
8306
8821
1752
8142
2888
3548
3380
2929
3276
8137
2637
9105
3802
4306
9912
308
9589
658
4808
4829
6987
924
2919
8945
6388
5695
5711
1526
4686
9128
3488
7636
4635
6634
9527
9759
2032
1141
1324
8493
8460
1357
9525
4121
8254
8097
2705
1083
7740
3866
2967
4962
2123
9651
3441
2978
9154
5526
2500
1862
7404
1050
8211
3358
4183
4674
5006
2817
5865
9053
3451
4169
1374
1589
4327
9961
1727
3150
3336
2197
173
4496
363
1139
7056
34
4427
7517
3328
3022
1753
2494
9916
5200
8366
5382
9638
225
6436
9718
3964
5781
359
6938
5206
6256
8987
4262
88
767
3018
9937
165
3656
9049
5305
321
2066
423
1816
1585
1127
726
2214
6537
4140
6715
6572
2659
6316
429
93
1996
7014
1178
2592
6207
6072
7172
417
40
161
1594
8079
1839
6883
4304
9077
7853
9157
6688
7713
4782
5181
4833
9664
4065
8465
1033
7705
1269
4178
9839
742
3410
6136
9579
2957
5107
6706
7928
2991
6778
6630
259
6785
2229
5676
7549
7297
1679
1200
3243
4125
3551
5323
4448
4669
5014
4725
7896
5150
4434
9209
9505
1498
1929
2558
1096
2492
6382
2287
7235
1841
5730
3238
7029
8273
4020
281
9271
752
1857
1345
193
4388
7016
1483
868
9124
5633
9048
7777
6023
3242
8690
6406
8758
2150
8209
3808
6714
5696
6366
2487
4237
5902
4491
7392
5992
8245
5470
6041
2568
6915
8955
4099
951
9930
4596
4858
4639
3800
8370
2091
9551
9757
282
1038
7141
7403
7347
4755
8749
4665
8658
7715
2107
1087
2223
1613
6209
1568
8636
8620
3684
3482
6996
1688
3821
461
5809
7886
8252
4507
6815
1720
326
5152
9813
486
1291
9067
4914
4408
288
596
4386
6843
5044
7566
2334
736
3958
8368
7781
2904
9996
9595
4693
5801
4907
6016
2811
8764
9586
7088
9966
9122
5673
3623
3449
7855
8177
8497
8145
1518
1432
3965
8098
740
2762
3781
1212
912
8080
1710
9169
2129
4999
2351
3751
9255
1298
4173
9980
8274
6576
5100
5027
3899
2460
3677
4188
6407
8761
4995
933
2663
1761
8241
9627
9224
1529
9767
4067
97
1468
6889
5934
9032
74
3459
4357
953
7170
4939
914
3237
9950
3338
6794
3954
8210
5086
3085
9219
454
1512
6974
3270
1886
4667
1467
467
8570
1193
7901
9793
2506
3671
1241
9975
7281
6687
917
4994
5975
1138
8021
9826
2077
4560
4271
5598
8095
7217
2093
332
6232
5401
1861
6881
6668
9037
7854
6063
2101
8293
3193
8296
8957
4981
3994
8826
4857
8471
5338
8345
5423
1109
3265
9116
6058
6737
6420
2521
1146
7523
6304
5716
2544
5603
3993
5561
595
6752
8747
1788
3353
4784
8814
8428
5146
9456
5803
2187
6736
2210
6146
6330
9529
4339
3517
9726
3753
3576
6956
1080
5435
838
8788
1192
835
9127
6620
1530
623
474
1335
7416
7594
8412
9217
2039
2577
4475
4050
5921
6607
7553
4796
7139
3264
8477
9756
1859
4334
1108
1214
4906
9110
6685
7703
7337
5114
6497
5178
3475
5573
9404
1746
9118
85
7881
1282
1471
3486
7030
4573
3696
9933
9983
1920
7195
5810
127
128
8523
4568
5283
5823
4025
6283
8208
5143
3752
4696
3240
6538
8831
3633
5018
6776
853
9729
9237
3956
9233
4948
1832
8539
3966
3141
7433
6349
3407
4520
8496
8643
1790
5808
6153
6562
6729
2602
954
4879
9060
1638
955
156
6563
6313
9123
8529
6198
626
7279
3041
5136
2097
9958
9571
568
717
1551
8573
8872
5225
1142
7920
50
7965
8888
1877
6180
2940
9979
1129
1028
6432
2286
2312
7373
8728
3382
7544
2115
3563
5354
5994
4071
4716
3263
5977
4458
4415
761
4841
3736
2861
3295
8338
9470
8297
1977
4333
9784
5936
5772
2147
3638
2325
5389
1973
3418
4227
1636
9243
9343
5796
2873
8991
316
4134
9794
6642
5396
3724
9264
886
2533
9272
3
5686
972
988
1223
1757
7201
1805
1678
1851
9666
6440
8335
1499
8532
7320
5889
1605
3691
2233
4772
3164
4278
2959
1325
9214
3273
3929
6520
6651
7514
754
6816
1796
1128
1769
6561
5167
1773
7707
1179
4586
8862
2832
1019
3142
3498
8584
1868
8334
1971
239
8824
632
9252
5815
8488
6065
6038
9327
5021
7913
3226
5013
9849
6062
4619
3843
3618
8307
9109
6808
9287
7384
485
7590
6047
7925
3601
8164
1905
1962
6622
4381
2732
939
3210
124
1931
470
544
4628
741
7296
6665
5191
8388
5874
9212
4606
2193
2898
4369
3378
8099
7701
6496
7548
6933
2386
5656
4927
5201
3647
6548
2469
8819
3081
9544
389
6183
956
4056
2264
1010
746
5704
707
3046
9286
779
5491
153
7787
2623
5195
3314
9947
6671
7039
6699
1380
6738
200
1333
7331
4269
6101
2855
1656
158
5532
3604
8372
8903
2035
2743
8410
2208
5325
9099
591
7021
2408
7312
9113
4217
2829
1561
2683
6603
2695
2006
5365
8100
8939
4825
6893
3787
3847
1581
4137
1078
1664
1758
1110
9187
4564
66
8983
1762
1160
1173
8411
9880
7377
7356
1879
1147
2719
5572
6308
1842
1137
4993
6986
1270
1804
2682
2232
4545
8314
4973
6978
298
7020
2438
9972
1124
6294
4512
2240
7948
6926
5916
8837
1993
3021
4697
2256
9235
5486
7814
2788
6897
3860
8310
1309
4222
5511
5281
785
3425
3469
4872
2087
2196
8668
4671
8143
8192
3536
5241
4961
6583
7038
8318
873
4518
6395
2709
5998
7101
1211
3987
8010
2725
3755
5180
2847
5483
2499
3918
8262
4018
4359
5045
6526
9368
7624
4652
8404
5616
3220
6469
6999
5231
6771
8215
2826
9393
4377
418
3440
8468
2541
5569
8729
7461
1260
3439
6014
3124
4837
2040
699
1891
3028
5723
1954
459
9290
1554
7633
4681
6512
2943
8186
9639
1504
9693
8877
3324
9891
8007
7329
5082
1864
6463
8967
6857
329
3024
4284
7102
7236
9320
5397
6228
4309
9120
6492
2666
8882
5263
4127
1522
4396
4075
5904
3056
2270
4499
2152
723
6740
1940
360
7295
1097
2998
978
268
9227
6433
6405
8701
1704
7457
7761
531
892
4387
6467
890
4897
5420
3549
7413
5364
1493
4602
2501
7448
6772
2979
3153
1417
6925
1318
8182
2398
2253
2920
1814
4133
7736
5047
9862
7148
635
5715
2630
195
5639
8508
8155
4385
9940
1806
5286
4794
992
2174
2140
2890
2239
1565
5487
9576
560
4929
7466
6653
1246
5844
4769
3933
7822
8023
7276
1312
7144
8056
8575
4460
5300
1514
1320
8384
3612
891
9641
2117
3332
8583
9366
4147
1969
2299
8702
2244
8223
7833
1262
5126
3011
4432
9242
181
3014
6728
1837
8672
3803
6200
3222
9342
3152
6109
2344
697
1865
7704
888
7878
9102
1082
9431
4203
8381
6100
6501
5438
9791
8708
460
3086
2425
2192
1114
5228
973
1673
5757
1204